	id	baseMean	log2FoldChange	lfcSE	stat	pvalue	padj
gene-YER062C	gene-YER062C	16729.1732556754	7.89938909469944	0.407319777764498	19.3935809796761	8.74324474423033e-84	5.2879144213105e-80
gene-YDR536W	gene-YDR536W	10087.9189554449	7.87373613427379	0.410492234665704	19.1812060481144	5.31335163146082e-82	1.60675753335375e-78
gene-YHR094C	gene-YHR094C	8495.01885764923	7.88114883369854	0.431514337547973	18.2639327316033	1.60316880334997e-74	3.23198830755353e-71
gene-YNL065W	gene-YNL065W	2109.43034265483	7.78477903728148	0.466556700302285	16.6856011975343	1.66818209779805e-62	2.52229133187066e-59
gene-YKL120W	gene-YKL120W	1727.02836785398	7.26873545182289	0.48238721673333	15.0682588586114	2.61925154988363e-51	3.16824667473924e-48
gene-YJL122W	gene-YJL122W	1291.66022465253	6.49466363041019	0.431583064662228	15.0484672875038	3.53325750723433e-51	3.5615235672922e-48
gene-YLR264W	gene-YLR264W	1388.51177122178	6.48339314023775	0.431126595761121	15.0382583769666	4.12253951398551e-51	3.56187414008348e-48
gene-YGR159C	gene-YGR159C	8021.12638518386	6.76688154470373	0.451881442025708	14.9749047324647	1.07121224125944e-50	8.09836454392139e-48
gene-YNL112W	gene-YNL112W	5328.81010726064	7.36343227783384	0.494407233417911	14.8934557994416	3.63485790276253e-50	2.44262451065642e-47
gene-YOR271C	gene-YOR271C	1052.28422670348	6.8437263867388	0.472250327668913	14.4917345436694	1.36648021351217e-47	8.26447233132162e-45
gene-YJL108C	gene-YJL108C	955.138752222885	5.99552628064853	0.426747540226027	14.0493517021164	7.77424474500738e-45	4.27442111070951e-42
gene-YJL107C	gene-YJL107C	845.483018568782	6.17147999554018	0.441980625941449	13.963236470817	2.61293386667772e-44	1.31691866880557e-41
gene-YOR360C	gene-YOR360C	1923.06836704698	5.65828767262052	0.405717174623668	13.9463843941755	3.3096311032617e-44	1.53974222404052e-41
gene-YOL124C	gene-YOL124C	594.057369228608	7.80368908326559	0.562463777147328	13.8741184771825	9.09037912177603e-44	3.92704378060725e-41
gene-YOL136C	gene-YOL136C	1161.95293282827	5.70871384607415	0.415152008369545	13.7509002268696	5.02997205567629e-43	2.02808473284868e-40
gene-YER127W	gene-YER127W	730.869342372373	5.98015463765448	0.440156813044087	13.586418431868	4.8210082846468e-42	1.82234113159649e-39
gene-YCR072C	gene-YCR072C	701.008311650265	5.89433859183749	0.43786422383063	13.461567013334	2.63272988546438e-41	9.36632373369915e-39
gene-YLR180W	gene-YLR180W	1931.31914360978	6.78031172943465	0.504843657411458	13.4305178046608	4.00600533890029e-41	1.3460177938705e-38
gene-YNL141W	gene-YNL141W	2900.64002194071	6.47252705458292	0.48286611716429	13.404392697077	5.69878547327842e-41	1.81401339696778e-38
gene-YML043C	gene-YML043C	522.155224400323	6.41343175375936	0.480987124656717	13.3338948695075	1.47017191553089e-40	4.44579987256541e-38
gene-YMR300C	gene-YMR300C	1596.54671146942	5.81431301103493	0.439081260108731	13.2419976420654	5.01957072280721e-40	1.44563636816848e-37
gene-YEL026W	gene-YEL026W	2038.37721214769	5.3673205589692	0.408567964074375	13.1369099658341	2.02321310305458e-39	5.56199674876096e-37
gene-YOR359W	gene-YOR359W	477.913030752133	6.35633004625011	0.485375050410322	13.0957082381483	3.48409125096582e-39	9.16164516775707e-37
gene-YHR066W	gene-YHR066W	1305.6507923801	5.58250788837682	0.427247810282048	13.0662059676597	5.13641272986213e-39	1.29437600792526e-36
gene-YGR079W	gene-YGR079W	1514.28980403961	5.32779490187812	0.408022959603119	13.0575860413846	5.7523008035726e-39	1.39159661040028e-36
gene-YIR012W	gene-YIR012W	1539.2818206327	5.33139191524631	0.413454287865607	12.8947554100086	4.8178929044477e-38	1.12071601100384e-35
gene-YJL148W	gene-YJL148W	1277.86147916182	5.22593434997371	0.406263041610082	12.8634254527868	7.23002263122666e-38	1.61952506939477e-35
gene-YLR327C	gene-YLR327C	14481.9598695448	-5.02561321382006	0.391273599998613	-12.8442430407722	9.26537671716336e-38	2.00132137090729e-35
gene-YOL041C	gene-YOL041C	1901.31896893855	5.68910866483953	0.443541478060613	12.8265538765736	1.16428691279573e-37	2.42814043054779e-35
gene-YBL028C	gene-YBL028C	858.034325018968	5.39107273063741	0.422886811773864	12.7482640284376	3.18764645224399e-37	6.42629524772388e-35
gene-YOL080C	gene-YOL080C	382.996833835639	6.25150014758955	0.491016292525144	12.7317570572659	3.93874453522838e-37	7.68436353195524e-35
gene-YDL063C	gene-YDL063C	1078.92099167074	5.55142741069792	0.436312815573281	12.7235029835275	4.37784926874933e-37	8.27413511793623e-35
gene-YOL151W	gene-YOL151W	10484.4413006595	5.98014802977029	0.470524717322839	12.7095300408356	5.23480890723951e-37	9.59397705181351e-35
gene-YHR196W	gene-YHR196W	1195.89996346396	5.15767787258907	0.40666275165974	12.6829365402626	7.35247513124839e-37	1.30787557628795e-34
gene-YML018C	gene-YML018C	802.297206298991	5.83706001666664	0.46053809681916	12.6744346601986	8.19473720089452e-37	1.41605058831457e-34
gene-YNR060W	gene-YNR060W	1990.26842621473	6.43128510591228	0.512032046052923	12.5603175728723	3.48929442739427e-36	5.86201463802238e-34
gene-YPL212C	gene-YPL212C	1385.29939580822	5.22684378571661	0.417670480640825	12.5142762727621	6.23737886353e-36	1.01955857747647e-33
gene-YJR063W	gene-YJR063W	779.766324447575	5.28253686593635	0.424209243722855	12.4526679795491	1.35247217684694e-35	2.15256624357113e-33
gene-YLR264C-A	gene-YLR264C-A	400.222052994152	6.38232042091481	0.513263478262708	12.4347838706889	1.69197809949969e-35	2.55827088644353e-33
gene-YBL039C	gene-YBL039C	2044.27799744967	6.18418744859629	0.497327355858187	12.4348427162726	1.69073257389772e-35	2.55827088644353e-33
gene-YDR037W	gene-YDR037W	4853.7076942754	5.21293790976942	0.423284036824731	12.3154606747618	7.47869050398888e-35	1.10319805288109e-32
gene-YNL182C	gene-YNL182C	617.644008379654	5.51187151034788	0.452242460985633	12.1878682031208	3.60734770663967e-34	5.19458069756112e-32
gene-YDR449C	gene-YDR449C	839.702547030525	5.17889118052489	0.425965116836968	12.1580171141268	5.20057193078601e-34	7.31466489241716e-32
gene-YLR224W	gene-YLR224W	721.502514615953	5.09659203221802	0.420903298458199	12.1087006228918	9.49869484186306e-34	1.30563878189972e-31
gene-YMR093W	gene-YMR093W	864.277082376653	5.18698139196231	0.428536193367441	12.1039517133967	1.00646908095318e-33	1.35269444480107e-31
gene-YJL069C	gene-YJL069C	727.871304477214	5.18198029569049	0.429448312910622	12.0665983307029	1.58553838504805e-33	2.08463829408057e-31
gene-YKR097W	gene-YKR097W	21637.6719307886	-4.70812977985346	0.391534725735471	-12.0248076872608	2.63200206064192e-33	3.38688265165156e-31
gene-YBR105C	gene-YBR105C	2414.85853857446	4.91891451733161	0.414161076336694	11.8768150808377	1.56206305238403e-32	1.96819944600387e-30
gene-YNL248C	gene-YNL248C	1315.09968098837	5.28750570046549	0.448332839830596	11.7937059941078	4.20616133725667e-32	5.19160485055681e-30
